
128 24 64 
144 24 100 
128 24 64 
144 36 100 
128 36 64 
144 24 100 
128 24 64 
144 24 100 
128 24 64 
144 24 100 
128 24 64 
144 36 100 
128 36 64 
144 24 100 
128 24 64 
144 24 100 
128 24 64 
144 24 100 
128 24 64 
144 36 100 
128 36 64 
144 24 100 
128 24 64 
144 24 100 
128 24 64 
144 24 100 
128 24 64 
145 104 100 
midi counter:  104 
144 36 100 
128 36 64 
144 24 100 
128 24 64 
129 104 64 
144 24 100 
128 24 64 
144 24 100 
128 24 64 
144 36 100 
128 36 64 
144 24 100 
128 24 64 
144 24 100 
128 24 64 
144 24 100 
128 24 64 
144 36 100 
128 36 64 
144 24 100 
128 24 64 
144 24 100 
128 24 64 
144 24 100 
128 24 64 
144 36 100 
128 36 64 
144 36 100 
128 36 64 
144 24 100 
UPDATE offset_ref_times delta_mean:  15070.785128  refresh rate:  32 
128 24 64 
144 24 100 
128 24 64 
144 24 100 
128 24 64 
145 90 100 
midi counter:  90 
144 36 100 
128 36 64 
144 24 100 
128 24 64 
129 90 64 
144 24 100 
128 24 64 
144 24 100 
128 24 64 
144 36 100 
128 36 64 
144 24 100 
128 24 64 
144 24 100 
128 24 64 
144 24 100 
128 24 64 
144 36 100 
128 36 64 
144 24 100 
128 24 64 
144 24 100 
128 24 64 
144 24 100 
128 24 64 
144 36 100 
128 36 64 
144 24 100 
128 24 64 
144 24 100 
128 24 64 
144 24 100 
128 24 64 
145 91 100 
midi counter:  91 
144 36 100 
128 36 64 
144 24 100 
128 24 64 
129 91 64 
144 24 100 
128 24 64 
144 24 100 
128 24 64 
144 36 100 
128 36 64 
144 24 100 
128 24 64 
144 24 100 
128 24 64 
144 24 100 
128 24 64 
144 36 100 
128 36 64 
144 24 100 
128 24 64 
144 24 100 
128 24 64 
144 24 100 
128 24 64 
144 36 100 
128 36 64 
144 24 100 
UPDATE offset_ref_times delta_mean:  15069.158231  refresh rate:  32 
128 24 64 
144 24 100 
128 24 64 
144 24 100 
128 24 64 
145 92 100 
midi counter:  92 
144 36 100 
128 36 64 
144 24 100 
128 24 64 
129 92 64 
144 24 100 
128 24 64 
144 24 100 
128 24 64 
144 36 100 
128 36 64 
144 24 100 
128 24 64 
144 24 100 
128 24 64 
144 24 100 
128 24 64 
144 36 100 
128 36 64 
144 24 100 
128 24 64 
144 24 100 
128 24 64 
144 24 100 
128 24 64 
144 36 100 
128 36 64 
144 24 100 
128 24 64 
144 24 100 
128 24 64 
144 24 100 
128 24 64 
145 93 100 
midi counter:  93 
144 36 100 
128 36 64 
144 24 100 
128 24 64 
129 93 64 
144 24 100 
128 24 64 
144 24 100 
128 24 64 
144 36 100 
128 36 64 
144 24 100 
128 24 64 
144 24 100 
128 24 64 
144 24 100 
128 24 64 
144 36 100 
128 36 64 
144 24 100 
128 24 64 
144 24 100 
128 24 64 
144 24 100 
128 24 64 
144 36 100 
128 36 64 
144 24 100 
UPDATE offset_ref_times delta_mean:  15080.031487  refresh rate:  32 
128 24 64 
144 24 100 
128 24 64 
144 24 100 
128 24 64 
145 94 100 
midi counter:  94 
144 36 100 
128 36 64 
144 24 100 
128 24 64 
129 94 64 
144 24 100 
128 24 64 
144 24 100 
128 24 64 
144 36 100 
128 36 64 
144 24 100 
128 24 64 
144 24 100 
128 24 64 
144 24 100 
128 24 64 
144 36 100 
128 36 64 
144 24 100 
128 24 64 
144 24 100 
128 24 64 
144 24 100 
128 24 64 
144 36 100 
128 36 64 
144 24 100 
128 24 64 
144 24 100 
128 24 64 
144 24 100 
128 24 64 
145 95 100 
midi counter:  95 
144 36 100 
128 36 64 
144 24 100 
128 24 64 
129 95 64 
144 24 100 
128 24 64 
144 24 100 
128 24 64 
144 36 100 
128 36 64 
144 24 100 
128 24 64 
144 24 100 
128 24 64 
144 24 100 
128 24 64 
144 36 100 
128 36 64 
144 24 100 
128 24 64 
144 24 100 
128 24 64 
144 24 100 
128 24 64 
144 36 100 
128 36 64 
144 24 100 
UPDATE offset_ref_times delta_mean:  15081.343640  refresh rate:  32 
128 24 64 
144 24 100 
128 24 64 
144 24 100 
128 24 64 
145 96 100 
midi counter:  96 
144 36 100 
128 36 64 
144 24 100 
128 24 64 
129 96 64 
144 24 100 
128 24 64 
144 24 100 
128 24 64 
144 36 100 
128 36 64 
144 24 100 
128 24 64 
144 24 100 
128 24 64 
144 24 100 
128 24 64 
144 36 100 
128 36 64 
144 24 100 
128 24 64 
144 24 100 
128 24 64 
144 24 100 
128 24 64 
144 36 100 
128 36 64 
144 24 100 
128 24 64 
144 24 100 
128 24 64 
144 24 100 
128 24 64 
145 97 100 
midi counter:  97 
144 36 100 
128 36 64 
144 24 100 
128 24 64 
129 97 64 
144 24 100 
128 24 64 
144 24 100 
128 24 64 
144 36 100 
128 36 64 
144 24 100 
128 24 64 
144 24 100 
128 24 64 
144 24 100 
128 24 64 
144 36 100 
128 36 64 
144 24 100 
128 24 64 
144 24 100 
128 24 64 
144 24 100 
128 24 64 
144 36 100 
128 36 64 
144 24 100 
UPDATE offset_ref_times delta_mean:  15065.846926  refresh rate:  32 
128 24 64 
144 24 100 
128 24 64 
144 24 100 
128 24 64 
145 98 100 
midi counter:  98 
144 36 100 
128 36 64 
144 24 100 
128 24 64 
129 98 64 
144 24 100 
128 24 64 
144 24 100 
128 24 64 
144 36 100 
128 36 64 
144 24 100 
128 24 64 
144 24 100 
128 24 64 
144 24 100 
128 24 64 
144 36 100 
128 36 64 
144 24 100 
128 24 64 
144 24 100 
128 24 64 
144 24 100 
128 24 64 
144 36 100 
128 36 64 
144 24 100 
128 24 64 
144 24 100 
128 24 64 
144 24 100 
128 24 64 
145 99 100 
midi counter:  99 
144 36 100 
128 36 64 
144 24 100 
128 24 64 
129 99 64 
144 24 100 
128 24 64 
144 24 100 
128 24 64 
144 36 100 
128 36 64 
144 24 100 
128 24 64 
144 24 100 
128 24 64 
144 24 100 
128 24 64 
144 36 100 
128 36 64 
144 24 100 
128 24 64 
144 24 100 
128 24 64 
144 24 100 
128 24 64 
144 36 100 
128 36 64 
144 24 100 
UPDATE offset_ref_times delta_mean:  15075.997621  refresh rate:  32 
128 24 64 
144 24 100 
128 24 64 
144 24 100 
128 24 64 
145 100 100 
midi counter:  100 
144 36 100 
128 36 64 
144 24 100 
128 24 64 
129 100 64 
144 24 100 
128 24 64 
144 24 100 
128 24 64 
144 36 100 
128 36 64 
144 24 100 
128 24 64 
144 24 100 
128 24 64 
144 24 100 
128 24 64 
144 36 100 
128 36 64 
144 24 100 
128 24 64 
144 24 100 
128 24 64 
144 24 100 
128 24 64 
144 36 100 
128 36 64 
144 24 100 
128 24 64 
144 24 100 
128 24 64 
144 24 100 
128 24 64 
145 101 100 
midi counter:  101 
144 36 100 
128 36 64 
144 24 100 
128 24 64 
129 101 64 
144 24 100 
128 24 64 
144 24 100 
128 24 64 
144 36 100 
128 36 64 
144 24 100 
128 24 64 
144 24 100 
128 24 64 
144 24 100 
128 24 64 
144 36 100 
128 36 64 
144 24 100 
128 24 64 
144 24 100 
128 24 64 
144 24 100 
128 24 64 
144 36 100 
128 36 64 
144 24 100 
UPDATE offset_ref_times delta_mean:  15089.319338  refresh rate:  32 
128 24 64 
144 24 100 
128 24 64 
144 24 100 
128 24 64 
145 102 100 
midi counter:  102 
144 36 100 
128 36 64 
144 24 100 
128 24 64 
129 102 64 
144 24 100 
128 24 64 
144 24 100 
128 24 64 
144 36 100 
128 36 64 
144 24 100 
128 24 64 
144 24 100 
128 24 64 
144 24 100 
128 24 64 
144 36 100 
128 36 64 
144 24 100 
128 24 64 
144 24 100 
128 24 64 
144 24 100 
128 24 64 
144 36 100 
128 36 64 
144 24 100 
128 24 64 
144 24 100 
128 24 64 
144 24 100 
128 24 64 
145 103 100 
midi counter:  103 
144 36 100 
128 36 64 
144 24 100 
128 24 64 
129 103 64 
144 24 100 
128 24 64 
144 24 100 
128 24 64 
144 36 100 
128 36 64 
144 24 100 
128 24 64 
144 24 100 
128 24 64 
144 24 100 
128 24 64 
144 36 100 
128 36 64 
144 24 100 
128 24 64 
144 24 100 
128 24 64 
144 24 100 
128 24 64 
144 36 100 
128 36 64 
144 24 100 
UPDATE offset_ref_times delta_mean:  15064.462630  refresh rate:  32 
128 24 64 
144 24 100 
128 24 64 
144 24 100 
128 24 64 
145 104 100 
midi counter:  104 
144 36 100 
128 36 64 
144 24 100 
128 24 64 
129 104 64 
144 24 100 
128 24 64 
144 24 100 
128 24 64 
144 36 100 
128 36 64 
144 24 100 
128 24 64 
144 24 100 
128 24 64 
144 24 100 
128 24 64 
144 36 100 
128 36 64 
144 24 100 
128 24 64 
144 24 100 
128 24 64 
144 24 100 
128 24 64 
144 36 100 
128 36 64 
144 36 100 
128 36 64 
144 24 100 
128 24 64 
144 24 100 
128 24 64 
144 24 100 
128 24 64 
145 90 100 
midi counter:  90 
144 36 100 
128 36 64 
144 24 100 
128 24 64 
129 90 64 
144 24 100 
128 24 64 
144 24 100 
128 24 64 
144 36 100 
128 36 64 
144 24 100 
128 24 64 
144 24 100 
128 24 64 
144 24 100 
128 24 64 
144 36 100 
128 36 64 
144 24 100 
128 24 64 
144 24 100 
128 24 64 
144 24 100 
128 24 64 
144 36 100 
UPDATE offset_ref_times delta_mean:  15072.132235  refresh rate:  32 
128 36 64 
144 24 100 
128 24 64 
144 24 100 
128 24 64 
144 24 100 
128 24 64 
145 91 100 
midi counter:  91 
144 36 100 
128 36 64 
144 24 100 
128 24 64 
129 91 64 
144 24 100 
128 24 64 
144 24 100 
128 24 64 
144 36 100 
128 36 64 
144 24 100 
128 24 64 
144 24 100 
128 24 64 
144 24 100 
128 24 64 
144 36 100 
128 36 64 
144 24 100 
128 24 64 
144 24 100 
128 24 64 
144 24 100 
128 24 64 
144 36 100 
128 36 64 
144 24 100 
128 24 64 
144 24 100 
128 24 64 
144 24 100 
128 24 64 
145 92 100 
midi counter:  92 
144 36 100 
128 36 64 
144 24 100 
128 24 64 
129 92 64 
144 24 100 
128 24 64 
144 24 100 
128 24 64 
144 36 100 
128 36 64 
144 24 100 
128 24 64 
144 24 100 
128 24 64 
144 24 100 
128 24 64 
144 36 100 
128 36 64 
144 24 100 
128 24 64 
144 24 100 
128 24 64 
144 24 100 
128 24 64 
144 36 100 
UPDATE offset_ref_times delta_mean:  15084.296515  refresh rate:  32 
128 36 64 
144 24 100 
128 24 64 
144 24 100 
128 24 64 
144 24 100 
128 24 64 
145 93 100 
midi counter:  93 
144 36 100 
128 36 64 
144 24 100 
128 24 64 
129 93 64 
144 24 100 
128 24 64 
144 24 100 
128 24 64 
144 36 100 
128 36 64 
144 24 100 
128 24 64 
144 24 100 
128 24 64 
144 24 100 
128 24 64 
144 36 100 
128 36 64 
144 24 100 
128 24 64 
144 24 100 
128 24 64 
144 24 100 
128 24 64 
144 36 100 
128 36 64 
144 24 100 
128 24 64 
144 24 100 
128 24 64 
144 24 100 
128 24 64 
145 94 100 
midi counter:  94 
144 36 100 
128 36 64 
144 24 100 
128 24 64 
129 94 64 
144 24 100 
128 24 64 
144 24 100 
128 24 64 
144 36 100 
128 36 64 
144 24 100 
128 24 64 
144 24 100 
128 24 64 
144 24 100 
128 24 64 
144 36 100 
128 36 64 
144 24 100 
128 24 64 
144 24 100 
128 24 64 
144 24 100 
128 24 64 
144 36 100 
UPDATE offset_ref_times delta_mean:  15073.391269  refresh rate:  32 
128 36 64 
144 24 100 
128 24 64 
144 24 100 
128 24 64 
144 24 100 
128 24 64 
145 95 100 
midi counter:  95 
144 36 100 
128 36 64 
144 24 100 
128 24 64 
129 95 64 
144 24 100 
128 24 64 
144 24 100 
128 24 64 
144 36 100 
128 36 64 
144 24 100 
128 24 64 
144 24 100 
128 24 64 
144 24 100 
128 24 64 
144 36 100 
128 36 64 
144 24 100 
128 24 64 
144 24 100 
128 24 64 
144 24 100 
128 24 64 
144 36 100 
128 36 64 
144 24 100 
128 24 64 
144 24 100 
128 24 64 
144 24 100 
128 24 64 
145 96 100 
midi counter:  96 
144 36 100 
128 36 64 
144 24 100 
128 24 64 
129 96 64 
144 24 100 
128 24 64 
144 24 100 
128 24 64 
144 36 100 
128 36 64 
144 24 100 
128 24 64 
144 24 100 
128 24 64 
144 24 100 
128 24 64 
144 36 100 
128 36 64 
144 24 100 
128 24 64 
144 24 100 
128 24 64 
144 24 100 
128 24 64 
144 36 100 
UPDATE offset_ref_times delta_mean:  15068.311071  refresh rate:  32 
128 36 64 
144 24 100 
128 24 64 
144 24 100 
128 24 64 
144 24 100 
128 24 64 
145 97 100 
midi counter:  97 
144 36 100 
128 36 64 
144 24 100 
128 24 64 
129 97 64 
144 24 100 
128 24 64 
144 24 100 
128 24 64 
144 36 100 
128 36 64 
144 24 100 
128 24 64 
144 24 100 
128 24 64 
144 24 100 
128 24 64 
144 36 100 
128 36 64 
144 24 100 
128 24 64 
144 24 100 
128 24 64 
144 24 100 
128 24 64 
144 36 100 
128 36 64 
144 24 100 
128 24 64 
144 24 100 
128 24 64 
144 24 100 
128 24 64 
145 98 100 
midi counter:  98 
144 36 100 
128 36 64 
144 24 100 
128 24 64 
129 98 64 
144 24 100 
128 24 64 
144 24 100 
128 24 64 
144 36 100 
128 36 64 
144 24 100 
128 24 64 
144 24 100 
128 24 64 
144 24 100 
128 24 64 
144 36 100 
128 36 64 
144 24 100 
128 24 64 
144 24 100 
128 24 64 
144 24 100 
128 24 64 
144 36 100 
UPDATE offset_ref_times delta_mean:  15078.787509  refresh rate:  32 
128 36 64 
144 24 100 
128 24 64 
144 24 100 
128 24 64 
144 24 100 
128 24 64 
145 99 100 
midi counter:  99 
144 36 100 
128 36 64 
144 24 100 
128 24 64 
129 99 64 
144 24 100 
128 24 64 
144 24 100 
128 24 64 
144 36 100 
128 36 64 
144 24 100 
128 24 64 
144 24 100 
128 24 64 
144 24 100 
128 24 64 
144 36 100 
128 36 64 
144 24 100 
128 24 64 
144 24 100 
128 24 64 
144 24 100 
128 24 64 
144 36 100 
128 36 64 
144 24 100 
128 24 64 
144 24 100 
128 24 64 
144 24 100 
128 24 64 
145 100 100 
midi counter:  100 
144 36 100 
128 36 64 
144 24 100 
128 24 64 
129 100 64 
144 24 100 
128 24 64 
144 24 100 
128 24 64 
144 36 100 
128 36 64 
144 24 100 
128 24 64 
144 24 100 
128 24 64 
144 24 100 
128 24 64 
144 36 100 
128 36 64 
144 24 100 
128 24 64 
144 24 100 
128 24 64 
144 24 100 
128 24 64 
144 36 100 
UPDATE offset_ref_times delta_mean:  15083.621238  refresh rate:  32 
128 36 64 
144 24 100 
128 24 64 
144 24 100 
128 24 64 
144 24 100 
128 24 64 
145 101 100 
midi counter:  101 
144 36 100 
128 36 64 
144 24 100 
128 24 64 
129 101 64 
144 24 100 
128 24 64 
144 24 100 
128 24 64 
144 36 100 
128 36 64 
144 24 100 
128 24 64 
144 24 100 
128 24 64 
144 24 100 
128 24 64 
144 36 100 
128 36 64 
144 24 100 
128 24 64 
144 24 100 
128 24 64 
144 24 100 
128 24 64 
144 36 100 
128 36 64 
144 24 100 
128 24 64 
144 24 100 
128 24 64 
144 24 100 
128 24 64 
145 102 100 
midi counter:  102 
144 36 100 
128 36 64 
144 24 100 
128 24 64 
129 102 64 
144 24 100 
128 24 64 
144 24 100 
128 24 64 
144 36 100 
128 36 64 
144 24 100 
128 24 64 
144 24 100 
128 24 64 
144 24 100 
128 24 64 
144 36 100 
128 36 64 
144 24 100 
128 24 64 
144 24 100 
128 24 64 
144 24 100 
128 24 64 
144 36 100 
UPDATE offset_ref_times delta_mean:  15065.673544  refresh rate:  32 
128 36 64 
144 24 100 
128 24 64 
144 24 100 
128 24 64 
144 24 100 
128 24 64 
145 103 100 
midi counter:  103 
144 36 100 
128 36 64 
144 24 100 
128 24 64 
129 103 64 
144 24 100 
128 24 64 
144 24 100 
128 24 64 
144 36 100 
128 36 64 
144 24 100 
128 24 64 
144 24 100 
128 24 64 
144 24 100 
128 24 64 
144 36 100 
128 36 64 
144 24 100 
128 24 64 
144 24 100 
128 24 64 
144 24 100 
128 24 64 
144 36 100 
128 36 64 
144 24 100 
128 24 64 
144 24 100 
128 24 64 
144 24 100 
128 24 64 
145 104 100 
midi counter:  104 
144 36 100 
128 36 64 
144 24 100 
128 24 64 
129 104 64 
144 24 100 
128 24 64 
144 24 100 
128 24 64 
144 36 100 
128 36 64 
144 24 100 
128 24 64 
144 24 100 
128 24 64 
144 24 100 
128 24 64 
144 36 100 
128 36 64 
144 24 100 
128 24 64 
144 24 100 
128 24 64 
144 24 100 
128 24 64 
144 36 100 
UPDATE offset_ref_times delta_mean:  15075.665054  refresh rate:  32 
128 36 64 
144 36 100 
128 36 64 
144 24 100 
128 24 64 
144 24 100 
128 24 64 
144 24 100 
128 24 64 
145 90 100 
midi counter:  90 
144 36 100 
128 36 64 
144 24 100 
128 24 64 
129 90 64 
144 24 100 
128 24 64 
144 24 100 
128 24 64 
144 36 100 
128 36 64 
144 24 100 
128 24 64 
144 24 100 
128 24 64 
144 24 100 
128 24 64 
144 36 100 
128 36 64 
144 24 100 
128 24 64 
144 24 100 
128 24 64 
144 24 100 
128 24 64 
144 36 100 
128 36 64 
144 24 100 
128 24 64 
144 24 100 
128 24 64 
144 24 100 
128 24 64 
145 91 100 
midi counter:  91 
144 36 100 
128 36 64 
144 24 100 
128 24 64 
129 91 64 
144 24 100 
128 24 64 
144 24 100 
128 24 64 
144 36 100 
128 36 64 
144 24 100 
128 24 64 
144 24 100 
128 24 64 
144 24 100 
128 24 64 
144 36 100 
128 36 64 
144 24 100 
128 24 64 
144 24 100 
128 24 64 
144 24 100 
UPDATE offset_ref_times delta_mean:  15089.129871  refresh rate:  32 
128 24 64 
144 36 100 
128 36 64 
144 24 100 
128 24 64 
144 24 100 
128 24 64 
144 24 100 
128 24 64 
145 92 100 
midi counter:  92 
144 36 100 
128 36 64 
144 24 100 
128 24 64 
129 92 64 
144 24 100 
128 24 64 
144 24 100 
128 24 64 
144 36 100 
128 36 64 
144 24 100 
128 24 64 
144 24 100 
128 24 64 
144 24 100 
128 24 64 
144 36 100 
128 36 64 
144 24 100 
128 24 64 
144 24 100 
128 24 64 
144 24 100 
128 24 64 
144 36 100 
128 36 64 
144 24 100 
128 24 64 
144 24 100 
128 24 64 
144 24 100 
128 24 64 
145 93 100 
midi counter:  93 
144 36 100 
128 36 64 
144 24 100 
128 24 64 
129 93 64 
144 24 100 
128 24 64 
144 24 100 
128 24 64 
144 36 100 
128 36 64 
144 24 100 
128 24 64 
144 24 100 
128 24 64 
144 24 100 
128 24 64 
144 36 100 
128 36 64 
144 24 100 
128 24 64 
144 24 100 
128 24 64 
144 24 100 
UPDATE offset_ref_times delta_mean:  15064.885129  refresh rate:  32 
128 24 64 
144 36 100 
128 36 64 
144 24 100 
128 24 64 
144 24 100 
128 24 64 
144 24 100 
128 24 64 
145 94 100 
midi counter:  94 
144 36 100 
128 36 64 
144 24 100 
128 24 64 
129 94 64 
144 24 100 
128 24 64 
144 24 100 
128 24 64 
144 36 100 
128 36 64 
144 24 100 
128 24 64 
144 24 100 
128 24 64 
144 24 100 
128 24 64 
144 36 100 
128 36 64 
144 24 100 
128 24 64 
144 24 100 
128 24 64 
144 24 100 
128 24 64 
144 36 100 
128 36 64 
144 24 100 
128 24 64 
144 24 100 
128 24 64 
144 24 100 
128 24 64 
145 95 100 
midi counter:  95 
144 36 100 
128 36 64 
144 24 100 
128 24 64 
129 95 64 
144 24 100 
128 24 64 
144 24 100 
128 24 64 
144 36 100 
128 36 64 
144 24 100 
128 24 64 
144 24 100 
128 24 64 
144 24 100 
128 24 64 
144 36 100 
128 36 64 
144 24 100 
128 24 64 
144 24 100 
128 24 64 
144 24 100 
UPDATE offset_ref_times delta_mean:  15070.862928  refresh rate:  32 
128 24 64 
144 36 100 
128 36 64 
144 24 100 
128 24 64 
144 24 100 
128 24 64 
144 24 100 
128 24 64 
145 96 100 
midi counter:  96 
144 36 100 
128 36 64 
144 24 100 
128 24 64 
129 96 64 
144 24 100 
128 24 64 
144 24 100 
128 24 64 
144 36 100 
128 36 64 
144 24 100 
128 24 64 
144 24 100 
128 24 64 
144 24 100 
128 24 64 
144 36 100 
128 36 64 
144 24 100 
128 24 64 
144 24 100 
128 24 64 
144 24 100 
128 24 64 
144 36 100 
128 36 64 
144 24 100 
128 24 64 
144 24 100 
128 24 64 
144 24 100 
128 24 64 
145 97 100 
midi counter:  97 
144 36 100 
128 36 64 
144 24 100 
128 24 64 
129 97 64 
144 24 100 
128 24 64 
144 24 100 
128 24 64 
144 36 100 
128 36 64 
144 24 100 
128 24 64 
144 24 100 
128 24 64 
144 24 100 
128 24 64 
144 36 100 
128 36 64 
144 24 100 
128 24 64 
144 24 100 
128 24 64 
144 24 100 
UPDATE offset_ref_times delta_mean:  15082.994718  refresh rate:  32 
128 24 64 
144 36 100 
128 36 64 
144 24 100 
128 24 64 
144 24 100 
128 24 64 
144 24 100 
128 24 64 
145 98 100 
midi counter:  98 
144 36 100 
128 36 64 
144 24 100 
128 24 64 
129 98 64 
144 24 100 
128 24 64 
144 24 100 
128 24 64 
144 36 100 
128 36 64 
144 24 100 
128 24 64 
144 24 100 
128 24 64 
144 24 100 
128 24 64 
144 36 100 
128 36 64 
144 24 100 
128 24 64 
144 24 100 
128 24 64 
144 24 100 
128 24 64 
144 36 100 
128 36 64 
144 24 100 
128 24 64 
144 24 100 
128 24 64 
144 24 100 
128 24 64 
145 99 100 
midi counter:  99 
144 36 100 
128 36 64 
144 24 100 
128 24 64 
129 99 64 
144 24 100 
128 24 64 
144 24 100 
128 24 64 
144 36 100 
128 36 64 
144 24 100 
128 24 64 
144 24 100 
128 24 64 
144 24 100 
128 24 64 
144 36 100 
128 36 64 
144 24 100 
128 24 64 
144 24 100 
128 24 64 
144 24 100 
UPDATE offset_ref_times delta_mean:  15076.030214  refresh rate:  32 
128 24 64 
144 36 100 
128 36 64 
144 24 100 
128 24 64 
144 24 100 
128 24 64 
144 24 100 
128 24 64 
145 100 100 
midi counter:  100 
144 36 100 
128 36 64 
144 24 100 
128 24 64 
129 100 64 
144 24 100 
128 24 64 
144 24 100 
128 24 64 
144 36 100 
128 36 64 
144 24 100 
128 24 64 
144 24 100 
128 24 64 
144 24 100 
128 24 64 
144 36 100 
128 36 64 
144 24 100 
128 24 64 
144 24 100 
128 24 64 
144 24 100 
128 24 64 
144 36 100 
128 36 64 
144 24 100 
128 24 64 
144 24 100 
128 24 64 
144 24 100 
128 24 64 
145 101 100 
midi counter:  101 
144 36 100 
128 36 64 
144 24 100 
128 24 64 
129 101 64 
144 24 100 
128 24 64 
144 24 100 
128 24 64 
144 36 100 
128 36 64 
144 24 100 
128 24 64 
144 24 100 
128 24 64 
144 24 100 
128 24 64 
144 36 100 
128 36 64 
144 24 100 
128 24 64 
144 24 100 
128 24 64 
144 24 100 
UPDATE offset_ref_times delta_mean:  15067.221406  refresh rate:  32 
128 24 64 
144 36 100 
128 36 64 
144 24 100 
128 24 64 
144 24 100 
128 24 64 
144 24 100 
128 24 64 
145 102 100 
midi counter:  102 
144 36 100 
128 36 64 
144 24 100 
128 24 64 
129 102 64 
144 24 100 
128 24 64 
144 24 100 
128 24 64 
144 36 100 
128 36 64 
144 24 100 
128 24 64 
144 24 100 
128 24 64 
144 24 100 
128 24 64 
144 36 100 
128 36 64 
144 24 100 
128 24 64 
144 24 100 
128 24 64 
144 24 100 
128 24 64 
144 36 100 
128 36 64 
144 24 100 
128 24 64 
144 24 100 
128 24 64 
144 24 100 
128 24 64 
145 103 100 
midi counter:  103 
144 36 100 
128 36 64 
144 24 100 
128 24 64 
129 103 64 
144 24 100 
128 24 64 
144 24 100 
128 24 64 
144 36 100 
128 36 64 
144 24 100 
128 24 64 
144 24 100 
128 24 64 
144 24 100 
128 24 64 
144 36 100 
128 36 64 
144 24 100 
128 24 64 
144 24 100 
128 24 64 
144 24 100 
UPDATE offset_ref_times delta_mean:  15078.562583  refresh rate:  32 
128 24 64 
144 36 100 
128 36 64 
144 24 100 
128 24 64 
144 24 100 
128 24 64 
144 24 100 
128 24 64 
145 104 100 
midi counter:  104 
144 36 100 
128 36 64 
144 24 100 
128 24 64 
129 104 64 
144 24 100 
128 24 64 
144 24 100 
128 24 64 
144 36 100 
128 36 64 
144 24 100 
128 24 64 
144 24 100 
128 24 64 
144 24 100 
128 24 64 
144 36 100 
128 36 64 
144 24 100 
128 24 64 
144 24 100 
128 24 64 
144 24 100 
128 24 64 
144 36 100 
128 36 64 
144 36 100 
128 36 64 
144 24 100 
128 24 64 
144 24 100 
128 24 64 
144 24 100 
128 24 64 
145 90 100 
midi counter:  90 
144 36 100 
128 36 64 
144 24 100 
128 24 64 
129 90 64 
144 24 100 
128 24 64 
144 24 100 
128 24 64 
144 36 100 
128 36 64 
144 24 100 
128 24 64 
144 24 100 
128 24 64 
144 24 100 
128 24 64 
144 36 100 
128 36 64 
144 24 100 
128 24 64 
144 24 100 
UPDATE offset_ref_times delta_mean:  15085.415317  refresh rate:  32 
128 24 64 
144 24 100 
128 24 64 
144 36 100 
128 36 64 
144 24 100 
128 24 64 
144 24 100 
128 24 64 
144 24 100 
128 24 64 
145 91 100 
midi counter:  91 
144 36 100 
128 36 64 
144 24 100 
128 24 64 
129 91 64 
144 24 100 
128 24 64 
144 24 100 
128 24 64 
144 36 100 
128 36 64 
144 24 100 
128 24 64 
144 24 100 
128 24 64 
144 24 100 
128 24 64 
144 36 100 
128 36 64 
144 24 100 
128 24 64 
144 24 100 
128 24 64 
144 24 100 
128 24 64 
144 36 100 
128 36 64 
144 24 100 
128 24 64 
144 24 100 
128 24 64 
144 24 100 
128 24 64 
145 92 100 
midi counter:  92 
144 36 100 
128 36 64 
144 24 100 
128 24 64 
129 92 64 
144 24 100 
128 24 64 
144 24 100 
128 24 64 
144 36 100 
128 36 64 
144 24 100 
128 24 64 
144 24 100 
128 24 64 
144 24 100 
128 24 64 
144 36 100 
128 36 64 
144 24 100 
128 24 64 
144 24 100 
UPDATE offset_ref_times delta_mean:  15065.345048  refresh rate:  32 
128 24 64 
144 24 100 
128 24 64 
144 36 100 
128 36 64 
144 24 100 
128 24 64 
144 24 100 
128 24 64 
144 24 100 
128 24 64 
145 93 100 
midi counter:  93 
144 36 100 
128 36 64 
144 24 100 
128 24 64 
129 93 64 
144 24 100 
128 24 64 
144 24 100 
128 24 64 
144 36 100 
128 36 64 
144 24 100 
128 24 64 
144 24 100 
128 24 64 
144 24 100 
128 24 64 
144 36 100 
128 36 64 
144 24 100 
128 24 64 
144 24 100 
128 24 64 
144 24 100 
128 24 64 
144 36 100 
128 36 64 
144 24 100 
128 24 64 
144 24 100 
128 24 64 
144 24 100 
128 24 64 
145 94 100 
midi counter:  94 
144 36 100 
128 36 64 
144 24 100 
128 24 64 
129 94 64 
144 24 100 
128 24 64 
144 24 100 
128 24 64 
144 36 100 
128 36 64 
144 24 100 
128 24 64 
144 24 100 
128 24 64 
144 24 100 
128 24 64 
144 36 100 
128 36 64 
144 24 100 
128 24 64 
144 24 100 
UPDATE offset_ref_times delta_mean:  15073.820580  refresh rate:  32 
128 24 64 
144 24 100 
128 24 64 
144 36 100 
128 36 64 
144 24 100 
128 24 64 
144 24 100 
128 24 64 
144 24 100 
128 24 64 
145 95 100 
midi counter:  95 
144 36 100 
128 36 64 
144 24 100 
128 24 64 
129 95 64 
144 24 100 
128 24 64 
144 24 100 
128 24 64 
144 36 100 
128 36 64 
144 24 100 
128 24 64 
144 24 100 
128 24 64 
144 24 100 
128 24 64 
144 36 100 
128 36 64 
144 24 100 
128 24 64 
144 24 100 
128 24 64 
144 24 100 
128 24 64 
144 36 100 
128 36 64 
144 24 100 
128 24 64 
144 24 100 
128 24 64 
144 24 100 
128 24 64 
145 96 100 
midi counter:  96 
144 36 100 
128 36 64 
144 24 100 
128 24 64 
129 96 64 
144 24 100 
128 24 64 
144 24 100 
128 24 64 
144 36 100 
128 36 64 
144 24 100 
128 24 64 
144 24 100 
128 24 64 
144 24 100 
128 24 64 
144 36 100 
128 36 64 
144 24 100 
128 24 64 
144 24 100 
UPDATE offset_ref_times delta_mean:  15087.815030  refresh rate:  32 
128 24 64 
144 24 100 
128 24 64 
144 36 100 
128 36 64 
144 24 100 
128 24 64 
144 24 100 
128 24 64 
144 24 100 
128 24 64 
145 97 100 
midi counter:  97 
144 36 100 
128 36 64 
144 24 100 
128 24 64 
129 97 64 
144 24 100 
128 24 64 
144 24 100 
128 24 64 
144 36 100 
128 36 64 
144 24 100 
128 24 64 
144 24 100 
128 24 64 
144 24 100 
128 24 64 
144 36 100 
128 36 64 
144 24 100 
128 24 64 
144 24 100 
128 24 64 
144 24 100 
128 24 64 
144 36 100 
128 36 64 
144 24 100 
128 24 64 
144 24 100 
128 24 64 
144 24 100 
128 24 64 
145 98 100 
midi counter:  98 
144 36 100 
128 36 64 
144 24 100 
128 24 64 
129 98 64 
144 24 100 
128 24 64 
144 24 100 
128 24 64 
144 36 100 
128 36 64 
144 24 100 
128 24 64 
144 24 100 
128 24 64 
144 24 100 
128 24 64 
144 36 100 
128 36 64 
144 24 100 
128 24 64 
144 24 100 
UPDATE offset_ref_times delta_mean:  15067.560295  refresh rate:  32 
128 24 64 
144 24 100 
128 24 64 
144 36 100 
128 36 64 
144 24 100 
128 24 64 
144 24 100 
128 24 64 
144 24 100 
128 24 64 
145 99 100 
midi counter:  99 
144 36 100 
128 36 64 
144 24 100 
128 24 64 
129 99 64 
144 24 100 
128 24 64 
144 24 100 
128 24 64 
144 36 100 
128 36 64 
144 24 100 
128 24 64 
144 24 100 
128 24 64 
144 24 100 
128 24 64 
144 36 100 
128 36 64 
144 24 100 
128 24 64 
144 24 100 
128 24 64 
144 24 100 
128 24 64 
144 36 100 
128 36 64 
144 24 100 
128 24 64 
144 24 100 
128 24 64 
144 24 100 
128 24 64 
145 100 100 
midi counter:  100 
144 36 100 
128 36 64 
144 24 100 
128 24 64 
129 100 64 
144 24 100 
128 24 64 
144 24 100 
128 24 64 
144 36 100 
128 36 64 
144 24 100 
128 24 64 
144 24 100 
128 24 64 
144 24 100 
128 24 64 
144 36 100 
128 36 64 
144 24 100 
128 24 64 
144 24 100 
UPDATE offset_ref_times delta_mean:  15069.996028  refresh rate:  32 
128 24 64 
144 24 100 
128 24 64 
144 36 100 
128 36 64 
144 24 100 
128 24 64 
144 24 100 
128 24 64 
144 24 100 
128 24 64 
145 101 100 
midi counter:  101 
144 36 100 
128 36 64 
144 24 100 
128 24 64 
129 101 64 
144 24 100 
128 24 64 
144 24 100 
128 24 64 
144 36 100 
128 36 64 
144 24 100 
128 24 64 
144 24 100 
128 24 64 
144 24 100 
128 24 64 
144 36 100 
128 36 64 
144 24 100 
128 24 64 
144 24 100 
128 24 64 
144 24 100 
128 24 64 
144 36 100 
128 36 64 
144 24 100 
128 24 64 
144 24 100 
128 24 64 
144 24 100 
128 24 64 
145 102 100 
midi counter:  102 
144 36 100 
128 36 64 
144 24 100 
128 24 64 
129 102 64 
144 24 100 
128 24 64 
144 24 100 
128 24 64 
144 36 100 
128 36 64 
144 24 100 
128 24 64 
144 24 100 
128 24 64 
144 24 100 
128 24 64 
144 36 100 
128 36 64 
144 24 100 
128 24 64 
144 24 100 
UPDATE offset_ref_times delta_mean:  15081.467702  refresh rate:  32 
128 24 64 
144 24 100 
128 24 64 
144 36 100 
128 36 64 
144 24 100 
128 24 64 
144 24 100 
128 24 64 
144 24 100 
128 24 64 
145 103 100 
midi counter:  103 
144 36 100 
128 36 64 
144 24 100 
128 24 64 
129 103 64 
144 24 100 
128 24 64 
144 24 100 
128 24 64 
144 36 100 
128 36 64 
144 24 100 
128 24 64 
144 24 100 
128 24 64 
144 24 100 
128 24 64 
144 36 100 
128 36 64 
144 24 100 
128 24 64 
144 24 100 
128 24 64 
144 24 100 
128 24 64 
144 36 100 
128 36 64 
144 24 100 
128 24 64 
144 24 100 
128 24 64 
144 24 100 
128 24 64 
145 104 100 
midi counter:  104 
144 36 100 
128 36 64 
144 24 100 
128 24 64 
129 104 64 
144 24 100 
128 24 64 
144 24 100 
128 24 64 
144 36 100 
128 36 64 
144 24 100 
128 24 64 
144 24 100 
128 24 64 
144 24 100 
128 24 64 
144 36 100 
128 36 64 
144 24 100 
128 24 64 
144 24 100 
UPDATE offset_ref_times delta_mean:  15078.725378  refresh rate:  32 
128 24 64 
144 24 100 
128 24 64 
144 36 100 
128 36 64 
144 36 100 
128 36 64 
144 24 100 
128 24 64 
144 24 100 
128 24 64 
144 24 100 
128 24 64 
145 90 100 
midi counter:  90 
144 36 100 
128 36 64 
144 24 100 
128 24 64 
129 90 64 
144 24 100 
128 24 64 
144 24 100 
128 24 64 
144 36 100 
128 36 64 
144 24 100 
128 24 64 
144 24 100 
128 24 64 
144 24 100 
128 24 64 
144 36 100 
128 36 64 
144 24 100 
128 24 64 
144 24 100 
128 24 64 
144 24 100 
128 24 64 
144 36 100 
128 36 64 
144 24 100 
128 24 64 
144 24 100 
128 24 64 
144 24 100 
128 24 64 
145 91 100 
midi counter:  91 
144 36 100 
128 36 64 
144 24 100 
128 24 64 
129 91 64 
144 24 100 
128 24 64 
144 24 100 
128 24 64 
144 36 100 
128 36 64 
144 24 100 
128 24 64 
144 24 100 
128 24 64 
144 24 100 
128 24 64 
144 36 100 
128 36 64 
144 24 100 
UPDATE offset_ref_times delta_mean:  15067.320451  refresh rate:  32 
128 24 64 
144 24 100 
128 24 64 
144 24 100 
128 24 64 
144 36 100 
128 36 64 
144 24 100 
128 24 64 
144 24 100 
128 24 64 
144 24 100 
128 24 64 
145 92 100 
midi counter:  92 
144 36 100 
128 36 64 
144 24 100 
128 24 64 
129 92 64 
144 24 100 
128 24 64 
144 24 100 
128 24 64 
144 36 100 
128 36 64 
144 24 100 
128 24 64 
144 24 100 
128 24 64 
144 24 100 
128 24 64 
144 36 100 
128 36 64 
144 24 100 
128 24 64 
144 24 100 
128 24 64 
144 24 100 
128 24 64 
144 36 100 
128 36 64 
144 24 100 
128 24 64 
144 24 100 
128 24 64 
144 24 100 
128 24 64 
145 93 100 
midi counter:  93 
144 36 100 
128 36 64 
144 24 100 
128 24 64 
129 93 64 
144 24 100 
128 24 64 
144 24 100 
128 24 64 
144 36 100 
128 36 64 
144 24 100 
128 24 64 
144 24 100 
128 24 64 
144 24 100 
128 24 64 
144 36 100 
128 36 64 
144 24 100 
UPDATE offset_ref_times delta_mean:  15077.785980  refresh rate:  32 
128 24 64 
144 24 100 
128 24 64 
144 24 100 
128 24 64 
144 36 100 
128 36 64 
144 24 100 
128 24 64 
144 24 100 
128 24 64 
144 24 100 
128 24 64 
145 94 100 
midi counter:  94 
144 36 100 
128 36 64 
144 24 100 
128 24 64 
129 94 64 
144 24 100 
128 24 64 
144 24 100 
128 24 64 
144 36 100 
128 36 64 
144 24 100 
128 24 64 
144 24 100 
128 24 64 
144 24 100 
128 24 64 
144 36 100 
128 36 64 
144 24 100 
128 24 64 
144 24 100 
128 24 64 
144 24 100 
128 24 64 
144 36 100 
128 36 64 
144 24 100 
128 24 64 
144 24 100 
128 24 64 
144 24 100 
128 24 64 
145 95 100 
midi counter:  95 
144 36 100 
128 36 64 
144 24 100 
128 24 64 
129 95 64 
144 24 100 
128 24 64 
144 24 100 
128 24 64 
144 36 100 
128 36 64 
144 24 100 
128 24 64 
144 24 100 
128 24 64 
144 24 100 
128 24 64 
144 36 100 
128 36 64 
144 24 100 
UPDATE offset_ref_times delta_mean:  15086.823360  refresh rate:  32 
128 24 64 
144 24 100 
128 24 64 
144 24 100 
128 24 64 
144 36 100 
128 36 64 
144 24 100 
128 24 64 
144 24 100 
128 24 64 
144 24 100 
128 24 64 
145 96 100 
midi counter:  96 
144 36 100 
128 36 64 
144 24 100 
128 24 64 
129 96 64 
144 24 100 
128 24 64 
144 24 100 
128 24 64 
144 36 100 
128 36 64 
144 24 100 
128 24 64 
144 24 100 
128 24 64 
144 24 100 
128 24 64 
144 36 100 
128 36 64 
144 24 100 
128 24 64 
144 24 100 
128 24 64 
144 24 100 
128 24 64 
144 36 100 
128 36 64 
144 24 100 
128 24 64 
144 24 100 
128 24 64 
144 24 100 
128 24 64 
145 97 100 
midi counter:  97 
144 36 100 
128 36 64 
144 24 100 
128 24 64 
129 97 64 
144 24 100 
128 24 64 
144 24 100 
128 24 64 
144 36 100 
128 36 64 
144 24 100 
128 24 64 
144 24 100 
128 24 64 
144 24 100 
128 24 64 
144 36 100 
128 36 64 
144 24 100 
UPDATE offset_ref_times delta_mean:  15064.375399  refresh rate:  32 
128 24 64 
144 24 100 
128 24 64 
144 24 100 
128 24 64 
144 36 100 
128 36 64 
144 24 100 
128 24 64 
144 24 100 
128 24 64 
144 24 100 
128 24 64 
145 98 100 
midi counter:  98 
144 36 100 
128 36 64 
144 24 100 
128 24 64 
129 98 64 
144 24 100 
128 24 64 
144 24 100 
128 24 64 
144 36 100 
128 36 64 
144 24 100 
128 24 64 
144 24 100 
128 24 64 
144 24 100 
128 24 64 
144 36 100 
128 36 64 
144 24 100 
128 24 64 
144 24 100 
128 24 64 
144 24 100 
128 24 64 
144 36 100 
128 36 64 
144 24 100 
128 24 64 
144 24 100 
128 24 64 
144 24 100 
128 24 64 
145 99 100 
midi counter:  99 
144 36 100 
128 36 64 
144 24 100 
128 24 64 
129 99 64 
144 24 100 
128 24 64 
144 24 100 
128 24 64 
144 36 100 
128 36 64 
144 24 100 
128 24 64 
144 24 100 
128 24 64 
144 24 100 
128 24 64 
144 36 100 
128 36 64 
144 24 100 
UPDATE offset_ref_times delta_mean:  15072.656844  refresh rate:  32 
128 24 64 
144 24 100 
128 24 64 
144 24 100 
128 24 64 
144 36 100 
128 36 64 
144 24 100 
128 24 64 
144 24 100 
128 24 64 
144 24 100 
128 24 64 
145 100 100 
midi counter:  100 
144 36 100 
128 36 64 
144 24 100 
128 24 64 
129 100 64 
144 24 100 
128 24 64 
144 24 100 
128 24 64 
144 36 100 
128 36 64 
144 24 100 
128 24 64 
144 24 100 
128 24 64 
144 24 100 
128 24 64 
144 36 100 
128 36 64 
144 24 100 
128 24 64 
144 24 100 
128 24 64 
144 24 100 
128 24 64 
144 36 100 
128 36 64 
144 24 100 
128 24 64 
144 24 100 
128 24 64 
144 24 100 
128 24 64 
145 101 100 
midi counter:  101 
144 36 100 
128 36 64 
144 24 100 
128 24 64 
129 101 64 
144 24 100 
128 24 64 
144 24 100 
128 24 64 
144 36 100 
128 36 64 
144 24 100 
128 24 64 
144 24 100 
128 24 64 
144 24 100 
128 24 64 
144 36 100 
128 36 64 
144 24 100 
UPDATE offset_ref_times delta_mean:  15086.103101  refresh rate:  32 
128 24 64 
144 24 100 
128 24 64 
144 24 100 
128 24 64 
144 36 100 
128 36 64 
144 24 100 
128 24 64 
144 24 100 
128 24 64 
144 24 100 
128 24 64 
145 102 100 
midi counter:  102 
144 36 100 
128 36 64 
144 24 100 
128 24 64 
129 102 64 
144 24 100 
128 24 64 
144 24 100 
128 24 64 
144 36 100 
128 36 64 
144 24 100 
128 24 64 
144 24 100 
128 24 64 
144 24 100 
128 24 64 
144 36 100 
128 36 64 
144 24 100 
128 24 64 
144 24 100 
128 24 64 
144 24 100 
128 24 64 
144 36 100 
128 36 64 
144 24 100 
128 24 64 
144 24 100 
128 24 64 
144 24 100 
128 24 64 
145 103 100 
midi counter:  103 
144 36 100 
128 36 64 
144 24 100 
128 24 64 
129 103 64 
144 24 100 
128 24 64 
144 24 100 
128 24 64 
144 36 100 
128 36 64 
144 24 100 
128 24 64 
144 24 100 
128 24 64 
144 24 100 
128 24 64 
144 36 100 
128 36 64 
144 24 100 
UPDATE offset_ref_times delta_mean:  15070.523183  refresh rate:  32 
128 24 64 
144 24 100 
128 24 64 
144 24 100 
128 24 64 
144 36 100 
128 36 64 
144 24 100 
128 24 64 
144 24 100 
128 24 64 
144 24 100 
128 24 64 
145 104 100 
midi counter:  104 
144 36 100 
128 36 64 
144 24 100 
128 24 64 
129 104 64 
144 24 100 
128 24 64 
144 24 100 
128 24 64 
144 36 100 
128 36 64 
144 24 100 
128 24 64 
144 24 100 
128 24 64 
144 24 100 
128 24 64 
144 36 100 
128 36 64 
144 24 100 
128 24 64 
144 24 100 
128 24 64 
144 24 100 
128 24 64 
144 36 100 
128 36 64 
144 36 100 
128 36 64 
144 24 100 
128 24 64 
144 24 100 
128 24 64 
144 24 100 
128 24 64 
145 90 100 
midi counter:  90 
144 36 100 
128 36 64 
144 24 100 
128 24 64 
129 90 64 
144 24 100 
128 24 64 
144 24 100 
128 24 64 
144 36 100 
128 36 64 
144 24 100 
128 24 64 
144 24 100 
128 24 64 
144 24 100 
128 24 64 
144 36 100 
UPDATE offset_ref_times delta_mean:  15069.217988  refresh rate:  32 
128 36 64 
144 24 100 
128 24 64 
144 24 100 
128 24 64 
144 24 100 
128 24 64 
144 36 100 
128 36 64 
144 24 100 
128 24 64 
144 24 100 
128 24 64 
144 24 100 
128 24 64 
145 91 100 
midi counter:  91 
144 36 100 
128 36 64 
144 24 100 
128 24 64 
129 91 64 
144 24 100 
128 24 64 
144 24 100 
128 24 64 
144 36 100 
128 36 64 
144 24 100 
128 24 64 
144 24 100 
128 24 64 
144 24 100 
128 24 64 
144 36 100 
128 36 64 
144 24 100 
128 24 64 
144 24 100 
128 24 64 
144 24 100 
128 24 64 
144 36 100 
128 36 64 
144 24 100 
128 24 64 
144 24 100 
128 24 64 
144 24 100 
128 24 64 
145 92 100 
midi counter:  92 
144 36 100 
128 36 64 
144 24 100 
128 24 64 
129 92 64 
144 24 100 
128 24 64 
144 24 100 
128 24 64 
144 36 100 
128 36 64 
144 24 100 
128 24 64 
144 24 100 
128 24 64 
144 24 100 
128 24 64 
144 36 100 
UPDATE offset_ref_times delta_mean:  15081.384966  refresh rate:  32 
128 36 64 
144 24 100 
128 24 64 
144 24 100 
128 24 64 
144 24 100 
128 24 64 
144 36 100 
128 36 64 
144 24 100 
128 24 64 
144 24 100 
128 24 64 
144 24 100 
128 24 64 
145 93 100 
midi counter:  93 
144 36 100 
128 36 64 
144 24 100 
128 24 64 
129 93 64 
144 24 100 
128 24 64 
144 24 100 
128 24 64 
144 36 100 
128 36 64 
144 24 100 
128 24 64 
144 24 100 
128 24 64 
144 24 100 
128 24 64 
144 36 100 
128 36 64 
144 24 100 
128 24 64 
144 24 100 
128 24 64 
144 24 100 
128 24 64 
144 36 100 
128 36 64 
144 24 100 
128 24 64 
144 24 100 
128 24 64 
144 24 100 
128 24 64 
145 94 100 
midi counter:  94 
144 36 100 
128 36 64 
144 24 100 
128 24 64 
129 94 64 
144 24 100 
128 24 64 
144 24 100 
128 24 64 
144 36 100 
128 36 64 
144 24 100 
128 24 64 
144 24 100 
128 24 64 
144 24 100 
128 24 64 
144 36 100 
UPDATE offset_ref_times delta_mean:  15080.347235  refresh rate:  32 
128 36 64 
144 24 100 
128 24 64 
144 24 100 
128 24 64 
144 24 100 
128 24 64 
144 36 100 
128 36 64 
144 24 100 
128 24 64 
144 24 100 
128 24 64 
144 24 100 
128 24 64 
145 95 100 
midi counter:  95 
144 36 100 
128 36 64 
144 24 100 
128 24 64 
129 95 64 
144 24 100 
128 24 64 
144 24 100 
128 24 64 
144 36 100 
128 36 64 
144 24 100 
128 24 64 
144 24 100 
128 24 64 
144 24 100 
128 24 64 
144 36 100 
128 36 64 
144 24 100 
128 24 64 
144 24 100 
128 24 64 
144 24 100 
128 24 64 
144 36 100 
128 36 64 
144 24 100 
128 24 64 
144 24 100 
128 24 64 
144 24 100 
128 24 64 
145 96 100 
midi counter:  96 
144 36 100 
128 36 64 
144 24 100 
128 24 64 
129 96 64 
144 24 100 
128 24 64 
144 24 100 
128 24 64 
144 36 100 
128 36 64 
144 24 100 
128 24 64 
144 24 100 
128 24 64 
144 24 100 
128 24 64 
144 36 100 
UPDATE offset_ref_times delta_mean:  15066.730797  refresh rate:  32 
128 36 64 
144 24 100 
128 24 64 
144 24 100 
128 24 64 
144 24 100 
128 24 64 
144 36 100 
128 36 64 
144 24 100 
128 24 64 
144 24 100 
128 24 64 
144 24 100 
128 24 64 
145 97 100 
midi counter:  97 
144 36 100 
128 36 64 
144 24 100 
128 24 64 
129 97 64 
144 24 100 
128 24 64 
144 24 100 
128 24 64 
144 36 100 
128 36 64 
144 24 100 
128 24 64 
144 24 100 
128 24 64 
144 24 100 
128 24 64 
144 36 100 
128 36 64 
144 24 100 
128 24 64 
144 24 100 
128 24 64 
144 24 100 
128 24 64 
144 36 100 
128 36 64 
144 24 100 
128 24 64 
144 24 100 
128 24 64 
144 24 100 
128 24 64 
145 98 100 
midi counter:  98 
144 36 100 
128 36 64 
144 24 100 
128 24 64 
129 98 64 
144 24 100 
128 24 64 
144 24 100 
128 24 64 
144 36 100 
128 36 64 
144 24 100 
128 24 64 
144 24 100 
128 24 64 
144 24 100 
128 24 64 
144 36 100 
UPDATE offset_ref_times delta_mean:  15076.364276  refresh rate:  32 
128 36 64 
144 24 100 
128 24 64 
144 24 100 
128 24 64 
144 24 100 
128 24 64 
144 36 100 
128 36 64 
144 24 100 
128 24 64 
144 24 100 
128 24 64 
144 24 100 
128 24 64 
145 99 100 
midi counter:  99 
144 36 100 
128 36 64 
144 24 100 
128 24 64 
129 99 64 
144 24 100 
128 24 64 
144 24 100 
128 24 64 
144 36 100 
128 36 64 
144 24 100 
128 24 64 
144 24 100 
128 24 64 
144 24 100 
128 24 64 
144 36 100 
128 36 64 
144 24 100 
128 24 64 
144 24 100 
128 24 64 
144 24 100 
128 24 64 
144 36 100 
128 36 64 
144 24 100 
128 24 64 
144 24 100 
128 24 64 
144 24 100 
128 24 64 
145 100 100 
midi counter:  100 
144 36 100 
128 36 64 
144 24 100 
128 24 64 
129 100 64 
144 24 100 
128 24 64 
144 24 100 
128 24 64 
144 36 100 
128 36 64 
144 24 100 
128 24 64 
144 24 100 
128 24 64 
144 24 100 
128 24 64 
144 36 100 
UPDATE offset_ref_times delta_mean:  15088.306793  refresh rate:  32 
128 36 64 
144 24 100 
128 24 64 
144 24 100 
128 24 64 
144 24 100 
128 24 64 
144 36 100 
128 36 64 
144 24 100 
128 24 64 
144 24 100 
128 24 64 
144 24 100 
128 24 64 
145 101 100 
midi counter:  101 
144 36 100 
128 36 64 
144 24 100 
128 24 64 
129 101 64 
144 24 100 
128 24 64 
144 24 100 
128 24 64 
144 36 100 
128 36 64 
144 24 100 
128 24 64 
144 24 100 
128 24 64 
144 24 100 
128 24 64 
144 36 100 
128 36 64 
144 24 100 
128 24 64 
144 24 100 
128 24 64 
144 24 100 
128 24 64 
144 36 100 
128 36 64 
144 24 100 
128 24 64 
144 24 100 
128 24 64 
144 24 100 
128 24 64 
145 102 100 
midi counter:  102 
144 36 100 
128 36 64 
144 24 100 
128 24 64 
129 102 64 
144 24 100 
128 24 64 
144 24 100 
128 24 64 
144 36 100 
128 36 64 
144 24 100 
128 24 64 
144 24 100 
128 24 64 
144 24 100 
128 24 64 
144 36 100 
UPDATE offset_ref_times delta_mean:  15063.978505  refresh rate:  32 
128 36 64 
144 24 100 
128 24 64 
144 24 100 
128 24 64 
144 24 100 
128 24 64 
144 36 100 
128 36 64 
144 24 100 
128 24 64 
144 24 100 
128 24 64 
144 24 100 
128 24 64 
145 103 100 
midi counter:  103 
144 36 100 
128 36 64 
144 24 100 
128 24 64 
129 103 64 
144 24 100 
128 24 64 
144 24 100 
128 24 64 
144 36 100 
128 36 64 
144 24 100 
128 24 64 
144 24 100 
128 24 64 
144 24 100 
128 24 64 
144 36 100 
128 36 64 
144 24 100 
128 24 64 
144 24 100 
128 24 64 
144 24 100 
128 24 64 
144 36 100 
128 36 64 
144 24 100 
128 24 64 
144 24 100 
128 24 64 
144 24 100 
128 24 64 
145 104 100 
midi counter:  104 
144 36 100 
128 36 64 
144 24 100 
128 24 64 
129 104 64 
144 24 100 
128 24 64 
144 24 100 
128 24 64 
144 36 100 
128 36 64 
144 24 100 
128 24 64 
144 24 100 
128 24 64 
144 24 100 
128 24 64 
144 36 100 
UPDATE offset_ref_times delta_mean:  15068.230136  refresh rate:  32 
128 36 64 
144 24 100 
128 24 64 
144 24 100 
128 24 64 
144 24 100 
128 24 64 
144 36 100 
128 36 64 
